 Temp.     Deff        IWC         V_mass      N         Beff    2/Qabs(12 um)_eff
(deg. C)   (um)      (g/cm3)       (cm/s)    (#/cm3)    

 -31.0     0.0111   0.79120E-07    65.852   0.6470E-01   1.0451   1.8735
 -31.0     0.0113   0.10712E-06    66.922   0.7282E-01   1.0449   1.8743
 -36.0     0.0109   0.64487E-07    64.005   0.5886E-01   1.0457   1.8725
 -36.0     0.0097   0.34683E-07    47.637   0.3828E-01   1.0468   1.8671
 -39.0     0.0103   0.86147E-07    55.853   0.7881E-01   1.0458   1.8700
 -48.0     0.0089   0.25283E-07    40.299   0.8690E-01   1.0515   1.8578
 -50.0     0.0089   0.19032E-07    43.209   0.7422E-01   1.0526   1.8576
 -61.0     0.0042   0.14847E-08     9.961   0.1377E+00   1.1712   1.6727
 -67.0     0.0039   0.26905E-08    11.743   0.3070E+00   1.2027   1.6309
 -67.0     0.0039   0.22083E-08    11.682   0.2463E+00   1.2007   1.6338
 -69.0     0.0042   0.23842E-10    14.708   0.2408E-02   1.2001   1.6414
 -69.0     0.0019   0.34004E-10     1.898   0.1849E-01   1.4393   1.4244
