 Temp.     Deff        IWC         V_mass      N          Dmean   Beff     2/Qabs(12)_eff
(deg. C)   (um)      (g/cm3)       (cm/s)    (#/cm3)      (cm)

 -45.0    65.1823   0.23778E-07    26.058   0.2897E+00   .00456   1.0558   1.8522
 -45.0    99.6119   0.39910E-07    59.010   0.9088E-01   .00753   1.0365   1.9039
 -44.0   131.1190   0.48842E-07    87.942   0.2304E-01   .01487   1.0317   1.9187
 -51.0    74.1584   0.38297E-07    34.119   0.2757E+00   .00508   1.0490   1.8700
 -53.0    76.5607   0.39007E-07    34.616   0.2152E+00   .00584   1.0439   1.8825
 -53.0    79.4946   0.48221E-07    38.029   0.2373E+00   .00612   1.0428   1.8859
 -52.0    81.1749   0.42167E-07    39.452   0.1965E+00   .00634   1.0416   1.8897
 -52.0    97.0690   0.74984E-07    55.881   0.1717E+00   .00787   1.0366   1.9044
 -52.0    83.7596   0.65182E-07    42.611   0.2994E+00   .00603   1.0423   1.8890
 -49.0    94.0635   0.57378E-07    51.872   0.1375E+00   .00778   1.0365   1.9039
 -50.0   103.0923   0.76772E-07    63.161   0.1454E+00   .00826   1.0356   1.9069
 -49.0   104.9807   0.11486E-06    66.000   0.2076E+00   .00825   1.0356   1.9072
 -50.0   102.3315   0.76414E-07    63.106   0.1638E+00   .00766   1.0367   1.9042
 -50.0    93.4950   0.54171E-07    51.604   0.1327E+00   .00785   1.0366   1.9035
 -50.0    88.2337   0.41204E-07    43.957   0.1023E+00   .00856   1.0357   1.9048
 -50.0    91.6271   0.32904E-07    46.753   0.7162E-01   .00894   1.0351   1.9071
 -50.0    80.0765   0.23451E-07    37.015   0.1206E+00   .00600   1.0432   1.8867
 -48.0    72.5370   0.22288E-07    25.089   0.9496E-01   .00833   1.0345   1.9029
 -44.0    84.0244   0.19525E-07    36.145   0.3673E-01   .01132   1.0320   1.9133
 -44.0   101.4607   0.24838E-07    51.783   0.1195E-01   .02326   1.0301   1.9210
 -42.0    99.9312   0.10041E-06    53.931   0.1080E+00   .01240   1.0316   1.9163
 -39.0    94.1708   0.37122E-07    44.892   0.2383E-01   .02044   1.0299   1.9207
 -38.0    95.0099   0.34631E-07    45.394   0.2067E-01   .02082   1.0300   1.9208
 -36.0    73.5843   0.11037E-07    25.814   0.3955E-01   .00870   1.0352   1.9037
 -33.0   102.6181   0.49489E-07    53.365   0.2018E-01   .02426   1.0301   1.9215
 -33.0   102.8233   0.46348E-07    54.359   0.2040E-01   .02298   1.0301   1.9213
 -30.0   111.8743   0.25745E-07    64.791   0.8054E-02   .02575   1.0302   1.9219
 -28.0   122.6322   0.74557E-07    75.640   0.1599E-01   .02914   1.0304   1.9222
 -28.0   105.6465   0.35480E-07    56.700   0.1266E-01   .02585   1.0301   1.9217
 -34.0   101.9256   0.98653E-07    53.319   0.4468E-01   .02329   1.0301   1.9213
 -37.0    92.6496   0.12122E-06    47.092   0.2185E+00   .00961   1.0333   1.9111
 -48.0    80.6052   0.74347E-08    31.209   0.1216E-01   .01373   1.0305   1.9166
 -39.0    98.6864   0.78105E-07    49.631   0.3865E-01   .02281   1.0300   1.9213
 -17.0   116.1210   0.10117E-06    69.696   0.2706E-01   .02750   1.0303   1.9220
 -27.0   111.1823   0.18060E-06    67.169   0.9147E-01   .01804   1.0306   1.9203
 -21.0   124.7931   0.47111E-06    82.875   0.1493E+00   .02213   1.0305   1.9213
 -21.0   112.1841   0.98966E-06    71.334   0.5506E+00   .01786   1.0305   1.9200
 -22.0   122.0975   0.65238E-06    81.764   0.2732E+00   .01906   1.0306   1.9206
 -22.0   123.5094   0.55700E-06    82.364   0.2166E+00   .01961   1.0306   1.9207
 -22.0   118.5126   0.20088E-06    76.984   0.1135E+00   .01577   1.0311   1.9191
 -28.0   112.4236   0.32914E-06    69.325   0.2244E+00   .01476   1.0312   1.9184
 -29.0   120.0458   0.95673E-06    78.813   0.4090E+00   .01911   1.0306   1.9205
 -29.0   120.1177   0.59858E-06    76.865   0.1864E+00   .02357   1.0303   1.9216
 -30.0   108.4453   0.65342E-06    64.418   0.2995E+00   .02101   1.0303   1.9209
 -31.0   109.0208   0.50428E-06    64.619   0.2186E+00   .02170   1.0302   1.9212
 -33.0   107.9899   0.28348E-06    63.468   0.1632E+00   .01780   1.0306   1.9200
 -33.0   114.5985   0.33925E-06    72.641   0.1892E+00   .01641   1.0308   1.9195
 -34.0   111.3399   0.33227E-06    68.528   0.1704E+00   .01868   1.0304   1.9205
 -38.0    96.2776   0.10078E-06    51.050   0.1293E+00   .01205   1.0319   1.9151
 -38.0    99.1486   0.12955E-06    54.583   0.1474E+00   .01251   1.0316   1.9160
 -39.0    92.4179   0.90319E-07    44.957   0.1038E+00   .01378   1.0310   1.9171
 -42.0    93.9334   0.14475E-06    47.125   0.1373E+00   .01535   1.0306   1.9186
 -43.0    94.3954   0.14581E-06    47.018   0.1197E+00   .01676   1.0304   1.9194
 -44.0    78.7399   0.67230E-07    31.651   0.2038E+00   .00858   1.0345   1.9055
 -44.0    81.4196   0.79330E-07    35.173   0.2223E+00   .00849   1.0347   1.9057
 -49.0    66.3092   0.30631E-07    22.371   0.2425E+00   .00579   1.0445   1.8773
 -49.0    66.1813   0.20506E-07    22.046   0.1659E+00   .00575   1.0448   1.8773
 -43.0    79.3928   0.18674E-07    31.585   0.3899E-01   .01035   1.0320   1.9116
 -45.0    83.4771   0.23837E-07    35.260   0.3836E-01   .01148   1.0317   1.9138
 -45.0    76.6481   0.27568E-07    32.042   0.1120E+00   .00662   1.0390   1.8939
 -45.0    86.3134   0.38636E-07    39.022   0.5520E-01   .01148   1.0319   1.9136
 -43.0    72.0316   0.71775E-07    26.896   0.3979E+00   .00666   1.0393   1.8914
 -34.0   103.5277   0.69425E-07    54.853   0.2972E-01   .02372   1.0301   1.9214
 -35.0    95.7633   0.46964E-07    45.973   0.2817E-01   .02094   1.0300   1.9209
 -43.0    81.3182   0.26210E-07    32.340   0.4838E-01   .01182   1.0312   1.9147
 -44.0    73.6719   0.32849E-07    25.408   0.1044E+00   .00931   1.0327   1.9080
 -37.0    88.8281   0.30121E-07    39.638   0.2976E-01   .01630   1.0303   1.9189
 -21.0   109.4126   0.26645E-07    61.342   0.8757E-02   .02519   1.0302   1.9218
 -22.0   115.1374   0.14145E-07    67.742   0.3758E-02   .02694   1.0303   1.9220
 -22.0   118.6181   0.89680E-08    71.930   0.2329E-02   .02650   1.0303   1.9220
 -21.0   102.3550   0.50651E-07    54.852   0.2635E-01   .02022   1.0302   1.9209
 -20.0   149.8954   0.45452E-07   105.564   0.5863E-02   .03026   1.0306   1.9223
 -20.0   143.6156   0.24382E-07    98.957   0.3655E-02   .02972   1.0306   1.9222
 -12.0   149.9811   0.26248E-07   103.343   0.2575E-02   .03815   1.0306   1.9225
  -5.0   119.4724   0.67679E-07    72.977   0.1399E-01   .02977   1.0303   1.9223
  -5.0   126.6706   0.91361E-07    83.366   0.1894E-01   .02794   1.0304   1.9221
  -5.0   131.8632   0.94298E-07    89.328   0.1759E-01   .02832   1.0304   1.9223
  -4.0   139.7947   0.58422E-07    98.631   0.1157E-01   .02483   1.0306   1.9219
  -4.0   145.5953   0.16638E-06   102.549   0.2113E-01   .03309   1.0305   1.9225
