 Temp.     Deff        IWC         V_mass      N          Dmean   Beff     2/Qabs(12)_eff
(deg. C)   (um)      (g/cm3)       (cm/s)    (#/cm3)      (cm)

 -56.0    46.1688   0.60955E-08    10.176   0.1790E+00   .00372   1.0819   1.7915
 -56.0    57.9805   0.10500E-07    17.541   0.1602E+00   .00450   1.0604   1.8427
 -56.0    43.1651   0.82763E-08    10.168   0.3884E+00   .00305   1.1124   1.7478
 -54.0    66.2901   0.11055E-07    22.476   0.8460E-01   .00600   1.0441   1.8776
 -53.0    56.7402   0.49813E-08    15.872   0.7609E-01   .00466   1.0570   1.8441
 -51.0    63.8878   0.75588E-08    20.179   0.6890E-01   .00560   1.0470   1.8719
 -55.0    65.4211   0.47280E-08    18.851   0.2752E-01   .00776   1.0378   1.8945
 -57.0    62.9591   0.80628E-08    19.869   0.7808E-01   .00551   1.0490   1.8683
 -31.0    96.4048   0.11308E-07    49.356   0.9332E-02   .01573   1.0306   1.9187
 -31.0    95.3605   0.17538E-07    47.674   0.1319E-01   .01799   1.0302   1.9196
 -34.0   106.4980   0.27482E-07    56.706   0.9604E-02   .02649   1.0302   1.9216
 -35.0   126.5063   0.21175E-07    76.513   0.3510E-02   .03817   1.0303   1.9223
 -35.0   119.5483   0.23437E-07    69.456   0.4497E-02   .03779   1.0303   1.9223
 -36.0   106.6534   0.12916E-07    56.189   0.4256E-02   .02962   1.0301   1.9218
 -38.0   110.1771   0.16038E-07    59.808   0.4261E-02   .03295   1.0301   1.9222
 -39.0    99.5314   0.17696E-07    48.767   0.7899E-02   .02582   1.0299   1.9215
 -42.0    96.9913   0.17239E-07    46.182   0.8770E-02   .02412   1.0300   1.9211
 -46.0    83.6431   0.22281E-07    33.699   0.2701E-01   .01643   1.0301   1.9184
 -49.0    65.0361   0.57968E-08    21.271   0.5009E-01   .00573   1.0445   1.8753
 -52.0    75.6745   0.14528E-07    27.580   0.3917E-01   .01069   1.0325   1.9101
 -56.0    63.5363   0.12793E-07    18.714   0.1015E+00   .00631   1.0437   1.8803
 -56.0    57.5549   0.94037E-08    14.634   0.1169E+00   .00536   1.0510   1.8606
 -51.0    65.9284   0.77322E-08    19.081   0.4096E-01   .00806   1.0361   1.8968
 -51.0    81.7600   0.15807E-07    31.534   0.1983E-01   .01654   1.0300   1.9185
 -49.0    87.0523   0.28399E-07    36.875   0.2894E-01   .01738   1.0301   1.9189
 -47.0    77.5799   0.17002E-07    28.520   0.3398E-01   .01286   1.0310   1.9147
 -46.0    78.6705   0.12204E-07    29.561   0.2229E-01   .01349   1.0308   1.9154
 -46.0    77.6611   0.20897E-07    28.932   0.4482E-01   .01213   1.0314   1.9135
 -47.0    88.2252   0.18349E-07    38.584   0.1939E-01   .01669   1.0303   1.9185
 -47.0    71.3454   0.11665E-07    24.543   0.5572E-01   .00746   1.0376   1.8963
 -45.0    86.7441   0.99395E-08    36.820   0.9579E-02   .01769   1.0301   1.9193
 -43.0    92.4603   0.19855E-07    42.241   0.1231E-01   .02199   1.0298   1.9210
 -42.0    93.4868   0.24830E-07    43.377   0.1544E-01   .02191   1.0298   1.9209
 -42.0    90.3274   0.33624E-07    39.852   0.2376E-01   .02095   1.0298   1.9206
 -42.0    97.1250   0.23776E-07    46.727   0.1152E-01   .02401   1.0299   1.9213
 -42.0    96.9392   0.16960E-07    46.223   0.8500E-02   .02398   1.0300   1.9211
 -41.0    95.6045   0.13013E-07    44.874   0.6732E-02   .02368   1.0300   1.9211
 -37.0    88.6359   0.14940E-07    38.792   0.1269E-01   .01875   1.0299   1.9200
 -37.0    91.3952   0.20344E-07    41.525   0.1466E-01   .02020   1.0299   1.9205
 -37.0    91.0700   0.17946E-07    41.226   0.1349E-01   .01945   1.0300   1.9201
 -37.0   104.3829   0.29164E-07    54.544   0.1053E-01   .02651   1.0301   1.9216
 -32.0   126.8965   0.50169E-07    78.833   0.1085E-01   .02826   1.0306   1.9219
 -32.0   122.7240   0.48441E-07    73.654   0.8417E-02   .03583   1.0304   1.9224
 -30.0   108.0074   0.37531E-07    58.897   0.1183E-01   .02743   1.0301   1.9219
 -15.0   112.9780   0.87141E-07    67.293   0.3290E-01   .02235   1.0304   1.9211
 -55.0    47.7605   0.44058E-08     9.395   0.1251E+00   .00401   1.0699   1.8107
 -58.0    38.5287   0.96428E-09     6.610   0.4618E-01   .00318   1.1098   1.7413
 -57.0    33.7523   0.75320E-09     5.143   0.5519E-01   .00277   1.1439   1.6906
 -57.0    29.8580   0.82521E-09     4.150   0.8799E-01   .00245   1.1809   1.6408
 -56.0    60.9693   0.48716E-08    17.267   0.6498E-01   .00479   1.0550   1.8617
 -60.0    42.4598   0.16396E-08     8.749   0.6575E-01   .00329   1.1013   1.7587
 -60.0    46.4425   0.12872E-08     9.993   0.4036E-01   .00371   1.0822   1.7926
 -55.0    38.3585   0.83037E-09     6.760   0.4968E-01   .00299   1.1241   1.7256
 -50.0    45.6394   0.16181E-08    10.049   0.6546E-01   .00335   1.0886   1.7764
 -20.0   117.2477   0.29053E-07    71.737   0.1083E-01   .02101   1.0305   1.9211
 -24.0   106.2119   0.34695E-07    61.374   0.2192E-01   .01659   1.0304   1.9196
 -34.0    87.2682   0.10561E-07    38.576   0.1215E-01   .01456   1.0303   1.9179
 -42.0    85.6996   0.35181E-07    37.312   0.5110E-01   .01221   1.0312   1.9152
 -44.0    83.3033   0.52326E-07    36.595   0.1065E+00   .00980   1.0325   1.9103
 -44.0    65.5658   0.23762E-07    20.760   0.1537E+00   .00651   1.0385   1.8860
 -40.0    83.1227   0.15657E-07    36.713   0.3378E-01   .00941   1.0332   1.9080
 -35.0    80.6567   0.16129E-07    32.845   0.3154E-01   .01060   1.0317   1.9121
 -32.0    86.2162   0.14714E-07    38.081   0.2230E-01   .01130   1.0315   1.9142
 -28.0   102.5075   0.20505E-07    55.063   0.1326E-01   .01639   1.0305   1.9196
 -27.0    98.7859   0.48237E-07    50.431   0.3277E-01   .01724   1.0304   1.9197
 -25.0   107.9178   0.36202E-07    63.582   0.2524E-01   .01479   1.0309   1.9185
 -16.0   126.9779   0.15652E-06    82.676   0.3309E-01   .02878   1.0303   1.9221
 -47.0    74.0081   0.15909E-07    26.091   0.4969E-01   .00903   1.0342   1.9052
 -54.0    65.0735   0.38296E-07    19.171   0.2236E+00   .00704   1.0388   1.8894
 -54.0    66.1448   0.21273E-07    21.993   0.1689E+00   .00544   1.0463   1.8751
 -54.0    75.7678   0.17417E-07    26.254   0.3550E-01   .01283   1.0308   1.9142
 -48.0    63.5398   0.23375E-07    21.090   0.2501E+00   .00522   1.0491   1.8656
 -41.0    77.9186   0.27475E-07    29.951   0.7233E-01   .01021   1.0325   1.9102
 -39.0    93.0235   0.88317E-07    45.644   0.1049E+00   .01313   1.0313   1.9165
 -28.0   112.4584   0.36404E-07    63.986   0.9571E-02   .02960   1.0302   1.9222
 -35.0    93.1256   0.21258E-07    44.993   0.2483E-01   .01328   1.0311   1.9171
 -37.0   119.9542   0.30880E-06    75.601   0.8502E-01   .02621   1.0303   1.9219
 -36.0   121.4989   0.66263E-06    77.989   0.1925E+00   .02476   1.0303   1.9218
 -36.0   119.3174   0.26686E-06    76.214   0.8403E-01   .02401   1.0303   1.9216
 -35.0   118.6556   0.26321E-06    75.525   0.1001E+00   .01976   1.0305   1.9209
 -34.0   115.5883   0.43572E-06    72.270   0.1926E+00   .01829   1.0306   1.9205
 -34.0   113.3740   0.26848E-06    69.295   0.1181E+00   .01925   1.0305   1.9207
 -19.0   106.4675   0.10436E-06    59.973   0.4796E-01   .02202   1.0302   1.9212
 -16.0   147.3923   0.44924E-06   105.741   0.7740E-01   .02704   1.0305   1.9221
 -13.0   144.9333   0.24877E-06   101.968   0.4278E-01   .02779   1.0305   1.9221
 -10.0   147.6044   0.29947E-06   104.575   0.4891E-01   .02802   1.0305   1.9222
 -46.0    65.1197   0.15300E-06    26.313   0.1798E+01   .00430   1.0571   1.8479
 -46.0    55.3082   0.25745E-07    18.189   0.5519E+00   .00389   1.0694   1.8185
 -43.0    86.4338   0.55544E-07    39.579   0.8933E-01   .01050   1.0326   1.9114
 -43.0    75.6017   0.13205E-06    33.873   0.6642E+00   .00596   1.0414   1.8850
 -43.0    73.7811   0.14112E-06    32.399   0.7765E+00   .00585   1.0420   1.8829
 -46.0    77.4062   0.33794E-07    29.546   0.8343E-01   .00925   1.0335   1.9079
 -48.0    77.3644   0.29727E-07    28.497   0.5788E-01   .01103   1.0316   1.9130
 -48.0    75.9818   0.33414E-07    27.482   0.7293E-01   .01049   1.0318   1.9116
 -49.0    75.1552   0.72199E-08    28.507   0.2478E-01   .00796   1.0363   1.9002
 -46.0    71.5296   0.87745E-08    22.895   0.2766E-01   .01033   1.0326   1.9090
 -38.0    60.3556   0.99987E-08    16.384   0.1023E+00   .00567   1.0478   1.8684
 -38.0    74.8459   0.10515E-07    24.937   0.1978E-01   .01439   1.0301   1.9168
 -38.0    79.5219   0.12228E-07    29.077   0.1582E-01   .01636   1.0297   1.9190
 -38.0    84.2823   0.12703E-07    33.780   0.1241E-01   .01771   1.0298   1.9199
 -34.0   100.4228   0.16431E-07    50.783   0.6671E-02   .02524   1.0299   1.9217
 -34.0    97.2285   0.28660E-07    47.062   0.1300E-01   .02433   1.0299   1.9215
 -34.0    91.6755   0.35453E-07    42.028   0.2392E-01   .02062   1.0298   1.9208
 -31.0   100.1355   0.99675E-07    51.770   0.4794E-01   .02310   1.0299   1.9214
 -30.0   110.9675   0.96382E-07    61.977   0.2479E-01   .02995   1.0302   1.9222
 -29.0   116.7409   0.96737E-07    68.291   0.2026E-01   .03288   1.0302   1.9224
 -28.0   112.9365   0.82946E-07    64.041   0.1976E-01   .03118   1.0302   1.9223
 -27.0   112.7227   0.12253E-06    63.743   0.2879E-01   .03155   1.0302   1.9223
 -27.0   113.7336   0.90883E-07    65.045   0.2057E-01   .03194   1.0302   1.9223
 -26.0   108.6396   0.90948E-07    59.479   0.2489E-01   .02987   1.0301   1.9222
 -27.0   106.3751   0.40243E-07    57.045   0.1206E-01   .02883   1.0300   1.9221
 -27.0   114.7437   0.33540E-07    66.104   0.7414E-02   .03195   1.0302   1.9224
 -26.0   120.5253   0.45669E-07    72.551   0.8404E-02   .03447   1.0303   1.9225
 -25.0   118.3755   0.31914E-07    70.463   0.6660E-02   .03252   1.0303   1.9223
 -36.0    79.0633   0.53753E-07    29.551   0.9560E-01   .01298   1.0309   1.9155
 -42.0    70.1934   0.35478E-07    24.356   0.1707E+00   .00734   1.0374   1.8945
 -56.0    52.3202   0.37591E-08    13.582   0.6599E-01   .00428   1.0648   1.8272
 -55.0    43.0484   0.98039E-08     8.550   0.3576E+00   .00342   1.0940   1.7683
 -52.0    71.7368   0.43035E-07    27.896   0.2137E+00   .00667   1.0395   1.8892
 -50.0    72.7894   0.57576E-07    29.106   0.2962E+00   .00637   1.0406   1.8879
 -50.0    73.3581   0.69598E-07    29.618   0.3607E+00   .00618   1.0413   1.8871
 -36.0    97.5794   0.27165E-07    50.790   0.1959E-01   .01814   1.0303   1.9197
 -36.0   103.0528   0.68929E-07    56.330   0.4006E-01   .01901   1.0304   1.9201
 -41.0    88.0176   0.57821E-07    43.470   0.1194E+00   .00977   1.0333   1.9100
 -41.0    84.8597   0.74064E-07    43.039   0.2549E+00   .00723   1.0372   1.8989
 -41.0    87.2766   0.39457E-07    44.855   0.1218E+00   .00736   1.0373   1.9006
 -41.0    84.2359   0.47228E-07    36.557   0.8188E-01   .01180   1.0317   1.9140
 -46.0    74.5734   0.56379E-07    28.366   0.2258E+00   .00785   1.0365   1.8996
 -46.0    66.4688   0.46561E-07    25.973   0.5019E+00   .00471   1.0524   1.8601
 -46.0    63.4643   0.56900E-07    25.374   0.7519E+00   .00447   1.0565   1.8480
 -46.0    77.5698   0.99004E-07    33.769   0.4460E+00   .00683   1.0390   1.8943
 -49.0    65.4785   0.72285E-07    27.987   0.8984E+00   .00446   1.0562   1.8499
 -52.0    72.1211   0.75471E-07    28.776   0.4704E+00   .00608   1.0421   1.8847
 -52.0    60.5285   0.36022E-07    21.467   0.5325E+00   .00444   1.0578   1.8444
 -46.0    79.7974   0.45389E-07    35.818   0.1897E+00   .00680   1.0390   1.8952
 -55.0    51.4057   0.10061E-07    12.402   0.1850E+00   .00426   1.0641   1.8253
 -55.0    56.2902   0.52406E-08    13.939   0.5807E-01   .00535   1.0489   1.8569
 -55.0    53.6343   0.34512E-08    12.785   0.4899E-01   .00478   1.0548   1.8430
 -55.0    43.1481   0.25264E-08     7.969   0.7918E-01   .00368   1.0825   1.7854
 -54.0    49.9922   0.45334E-08    11.745   0.9351E-01   .00414   1.0656   1.8177
 -31.0    99.6781   0.94839E-08    49.605   0.4939E-02   .02234   1.0303   1.9205
 -33.0   103.3339   0.16702E-07    53.621   0.6563E-02   .02645   1.0301   1.9215
 -33.0   113.5727   0.26767E-07    66.552   0.7963E-02   .02835   1.0301   1.9219
 -33.0    95.4798   0.28089E-07    47.150   0.1922E-01   .02008   1.0301   1.9203
 -33.0    85.9133   0.17796E-07    38.397   0.2838E-01   .01257   1.0317   1.9143
 -34.0   101.0259   0.13934E-07    54.090   0.7740E-02   .02184   1.0300   1.9209
 -36.0    85.9948   0.15737E-07    36.461   0.1739E-01   .01667   1.0302   1.9186
 -52.0    57.8721   0.35936E-07    16.287   0.4184E+00   .00493   1.0514   1.8530
 -41.0    83.2723   0.10588E-07    35.969   0.2241E-01   .01023   1.0327   1.9107
 -39.0    88.6656   0.33381E-07    40.018   0.3784E-01   .01464   1.0306   1.9176
 -38.0    92.7885   0.43272E-07    42.850   0.2720E-01   .02111   1.0299   1.9208
 -38.0    83.4741   0.31270E-07    34.772   0.4134E-01   .01492   1.0302   1.9177
 -37.0    87.6497   0.15477E-07    37.643   0.1327E-01   .01857   1.0298   1.9201
 -38.0    77.2317   0.10990E-07    28.922   0.3158E-01   .00950   1.0342   1.9072
 -38.0    65.1756   0.98641E-08    22.636   0.9267E-01   .00547   1.0479   1.8699
 -46.0    77.4975   0.23512E-07    29.308   0.6562E-01   .00951   1.0340   1.9074
 -46.0    63.6841   0.12977E-07    20.751   0.1254E+00   .00538   1.0465   1.8699
 -46.0    60.8443   0.13510E-07    18.541   0.1552E+00   .00513   1.0493   1.8615
 -46.0    66.8322   0.29343E-07    22.726   0.2136E+00   .00612   1.0415   1.8823
 -46.0   107.8553   0.24580E-07    62.027   0.1679E-01   .01558   1.0311   1.9187
 -46.0   108.7158   0.20508E-07    61.968   0.9350E-02   .02107   1.0305   1.9206
 -46.0   108.3546   0.23154E-07    63.322   0.1157E-01   .02033   1.0305   1.9204
 -46.0   109.4011   0.21899E-07    63.741   0.9890E-02   .02136   1.0304   1.9208
 -34.0   106.8292   0.32404E-07    60.208   0.2117E-01   .01799   1.0308   1.9194
 -31.0   108.1101   0.21320E-07    60.969   0.9560E-02   .02127   1.0303   1.9209
 -29.0   107.9118   0.24797E-07    62.587   0.1201E-01   .02036   1.0303   1.9207
 -26.0   108.3622   0.22788E-07    62.360   0.1002E-01   .02147   1.0303   1.9210
 -42.0    63.5632   0.18159E-07    19.249   0.1601E+00   .00582   1.0451   1.8751
 -42.0    79.5878   0.17356E-07    32.851   0.4873E-01   .00936   1.0342   1.9065
 -43.0   101.8467   0.24374E-07    51.345   0.1037E-01   .02667   1.0300   1.9214
 -48.0    61.6930   0.26536E-08    16.705   0.2246E-01   .00633   1.0430   1.8789
 -48.0    54.2393   0.23708E-08    12.649   0.3760E-01   .00486   1.0547   1.8440
 -47.0    61.7300   0.99136E-08    17.713   0.9779E-01   .00566   1.0469   1.8707
 -42.0    87.3053   0.27482E-07    37.385   0.2629E-01   .01805   1.0301   1.9193
 -41.0    92.3841   0.15010E-07    42.410   0.1103E-01   .01971   1.0302   1.9200
 -42.0    95.5955   0.21005E-07    45.611   0.1357E-01   .02083   1.0301   1.9203
 -41.0    99.5988   0.32160E-07    49.613   0.1743E-01   .02254   1.0302   1.9206
 -41.0   100.3273   0.36071E-07    49.936   0.1585E-01   .02595   1.0300   1.9214
 -41.0   101.7917   0.30537E-07    52.554   0.1550E-01   .02243   1.0302   1.9208
 -41.0    92.6724   0.16244E-07    43.493   0.1320E-01   .01838   1.0303   1.9195
 -41.0    94.1998   0.38394E-07    44.738   0.2576E-01   .02077   1.0300   1.9205
 -41.0   108.3200   0.25350E-07    57.568   0.7437E-02   .03099   1.0302   1.9219
 -41.0   109.2311   0.27678E-07    59.067   0.8292E-02   .03019   1.0301   1.9220
 -41.0   100.6902   0.34349E-07    52.508   0.3171E-01   .01411   1.0317   1.9169
 -41.0    99.8178   0.29453E-07    50.474   0.1552E-01   .02280   1.0301   1.9208
 -42.0    96.1356   0.24411E-07    47.269   0.1770E-01   .01878   1.0304   1.9197
 -40.0   102.2680   0.13901E-07    51.823   0.5325E-02   .02789   1.0300   1.9217
 -39.0    95.7611   0.17901E-07    46.747   0.1321E-01   .01825   1.0304   1.9196
 -39.0    96.8433   0.19577E-07    47.257   0.1185E-01   .02088   1.0302   1.9205
 -39.0    94.0818   0.16272E-07    44.526   0.1075E-01   .02043   1.0300   1.9205
 -41.0    84.9284   0.30677E-07    35.550   0.3882E-01   .01465   1.0306   1.9173
 -41.0    82.7846   0.18969E-07    33.547   0.2520E-01   .01464   1.0305   1.9172
 -41.0    72.8507   0.28752E-08    27.422   0.1332E-01   .00725   1.0389   1.8937
 -64.0    35.3245   0.31538E-08     5.304   0.2395E+00   .00283   1.1384   1.7000
 -64.0    34.4053   0.44475E-08     5.745   0.3866E+00   .00259   1.1598   1.6790
 -64.0    24.8784   0.29494E-08     3.069   0.5688E+00   .00208   1.2577   1.5714
 -64.0    24.3564   0.22180E-08     2.922   0.4525E+00   .00204   1.2649   1.5665
 -64.0    31.2967   0.40112E-08     4.460   0.4288E+00   .00250   1.1760   1.6512
 -63.0    26.3770   0.24225E-08     3.742   0.4296E+00   .00208   1.2459   1.5866
 -63.0    29.7046   0.42815E-08     4.120   0.5429E+00   .00235   1.1996   1.6312
 -63.0    33.2507   0.56267E-08     5.090   0.5223E+00   .00262   1.1596   1.6726
 -63.0    26.1684   0.30687E-08     2.967   0.5214E+00   .00219   1.2327   1.5913
 -63.0    30.2870   0.18617E-08     4.261   0.2332E+00   .00234   1.1932   1.6379
 -65.0    33.6429   0.28183E-08     4.631   0.2386E+00   .00276   1.1474   1.6867
 -65.0    30.3744   0.13217E-08     3.912   0.1510E+00   .00248   1.1814   1.6448
 -65.0    29.1809   0.15246E-08     3.720   0.1957E+00   .00238   1.1968   1.6292
 -65.0    26.5091   0.15257E-08     3.240   0.2515E+00   .00218   1.2334   1.5944
 -65.0    25.1012   0.23941E-08     2.955   0.4506E+00   .00210   1.2525   1.5767
 -65.0    26.1495   0.19761E-08     3.209   0.3370E+00   .00215   1.2386   1.5902
 -64.0    24.1285   0.12828E-08     2.767   0.2825E+00   .00199   1.2627   1.5647
 -65.0    25.0161   0.12139E-08     2.975   0.2448E+00   .00205   1.2537   1.5749
 -65.0    24.9537   0.85483E-09     2.856   0.1659E+00   .00209   1.2519   1.5755
 -48.0    52.4427   0.96646E-09    10.919   0.1992E-01   .00472   1.0524   1.8449
 -55.0    40.6467   0.23541E-08     6.624   0.1133E+00   .00338   1.0988   1.7589
 -63.0    28.3999   0.17630E-08     3.656   0.2472E+00   .00229   1.2105   1.6185
 -64.0    32.3405   0.40445E-08     4.465   0.3709E+00   .00265   1.1593   1.6719
 -62.0    29.8221   0.31644E-08     3.920   0.3745E+00   .00243   1.1881   1.6387
 -62.0    31.4019   0.18437E-08     4.181   0.1991E+00   .00252   1.1747   1.6568
 -62.0    28.6459   0.14728E-08     3.627   0.1983E+00   .00233   1.2044   1.6234
 -62.0    28.4257   0.11655E-08     3.725   0.1606E+00   .00229   1.2091   1.6198
 -62.0    34.6892   0.48494E-08     5.136   0.3736E+00   .00281   1.1402   1.6964
 -62.0    36.4386   0.34569E-08     5.748   0.2392E+00   .00292   1.1302   1.7120
 -61.0    34.7549   0.21917E-08     5.518   0.1810E+00   .00272   1.1499   1.6891
 -56.0    39.5437   0.38303E-08     6.689   0.1984E+00   .00322   1.1088   1.7443
 -52.0    55.6474   0.12903E-07    14.958   0.2402E+00   .00452   1.0576   1.8410
 -52.0    50.0550   0.24257E-08    10.993   0.6257E-01   .00411   1.0676   1.8178
 -47.0    70.6800   0.57109E-08    23.172   0.2765E-01   .00795   1.0377   1.8977
 -43.0    77.0414   0.60574E-08    28.885   0.1884E-01   .00947   1.0353   1.9056
 -41.0    69.2623   0.14965E-07    25.329   0.1180E+00   .00587   1.0449   1.8789
